-2114
9
2627
-4860
-2797
-2554
-2392
-473
-3749
3299
2884
-2898
841
2927
-4877
1933
-3389
-80
828
4169
-396
-4160
-4038
320
4038
1079
4583
4427
3520
-4052
357
4693
3789
-3354
-4662
-246
-3541
2083
-705
439
-3707
2837
-4402
2092
-226
1615
-2908
4872
1884
-1781
2702
-66
-2201
-3964
137
2953
2653
2073
-134
-2335
4027
2822
-2609
-1513
2117
330
-4822
3743
-431
1247
-4802
-1622
2571
945
1903
-3410
-4714
1882
2879
-348
4966
-3
-4368
2601
-3478
4636
-4354
-3854
-114
2321
2447
-3437
2031
-4708
-4096
-2110
-790
503
4561
-822
2044
-1202
558
2477
2331
-1246
1465
-3223
-3596
-3203
3222
-4150
-577
2400
4190
-2634
-3302
2010
-4373
-1917
-2405
-1580
-2995
-3635
37
4219
-2610
-3464
-4237
2902
2507
4668
-996
-911
-306
3259
-4978
-2217
812
2505
-564
109
-3343
-2688
-1289
-1914
2185
1396
501
-1644
-1768
1701
-4565
-976
-3209
3720
-4108
4666
1177
2665
-1594
-2496
-674
-2654
-1912
-2264
3897
-907
4906
2269
560
-968
825
-1659
-2814
1613
3899
-2134
1108
3972
-3517
3673
-4172
-379
-4027
-583
1238
-2457
1536
-39
3406
-551
-1926
-1930
3521
377
3544
-2211
3063
4546
689
986
-2451
-3751
-419
-2263
-2222
1996
980
-3942
-825
-448
1058
2870
970
2742
4235
-4644
1193
1573
2914
-710
-1046
-3811
-169
-1549
1434
-647
461
-1262
2231
633
4280
-4690
527
636
-4144
-4403
1711
274
-1615
-3734
3449
3466
4352
842
3269
4627
1201
1310
-3890
2389
4968
2460
766
3484
-3546
-18
-3529
-3914
438
-4330
2129
207
3805
-3614
-3490
381
-1497
2334
3575
1740
2845
4575
-798
58
3893
-3081
4964
-4651
2395
-1546
-2144
-3338
1942
1528
-3736
-1707
-2581
1855
1034
3051
4466
1948
4240
295
1424
2253
2764
2469
3436
3694
-3123
1284
-2213
-4416
4266
-2565
3241
4529
909
-2177
2352
-4593
2926
2359
4580
3460
-232
1308
1572
-3982
328
-4796
-1551
3084
-2273
-2074
4877
-3104
-4665
-584
1689
-4318
4823
1028
-4252
-1429
1130
-3593
3996
-1297
2923
1625
3906
1474
3616
-92
-586
2111
1497
-311
910
1290
-173
2959
2493
390
178
-2124
3426
-3159
-3840
-4814
-2944
-428
664
2773
4907
796
-3830
-3564
1631
-124
4418
-1303
4223
-2636
-3462
-4888
-4525
2977
-231
4759
4091
-2819
1078
737
2974
3128
-3198
2235
801
3072
3739
-2948
-3995
-1616
-1263
1780
-3017
3747
1654
-817
3465
-198
190
-317
-1734
317
2223
-4391
-1632
-1740
1763
-4573
279
3595
382
-4087
-4485
71
4563
3207
-458
220
-1679
1183
437
2104
-280
-3451
-4523
-4674
1463
1076
-2625
1257
2746
3056
-1190
-2221
3842
-4359
-2485
-529
-3619
4594
-2844
1016
-3049
539
-3631
-3374
3069
-1117
3772
-2119
2824
-3891
2351
3123
-96
-2830
-3955
1181
-896
-241
2228
2099
3628
-4470
-4001
-4547
4192
-138
-215
2964
2956
3735
-2223
-1756
169
1147
132
974
3277
1946
4937
-1028
-1911
-715
3132
-3352
4226
-3551
2214
-4837
-791
-4899
-1827
308
3968
2950
4543
-2085
2872
899
2281
685
-1475
687
4725
3435
-4721
3216
-2730
-1156
-2729
2071
-4392
4297
34
3964
1414
-3457
-766
2961
-37
-3822
-1565
-261
-1525
-2852
-297
-2188
3432
-1051
-2787
-2053
-653
-3494
-925
4847
1718
-2563
-2046
3350
954
2307
-2083
2342
4848
2202
-2701
-1878
-1771
4231
115
-1974
-2587
-4532
-3370
-4197
4342
2468
-3177
-4803
-4727
-4389
2408
-2324
-4944
-2299
4873
2668
-3509
-2313
-4950
3573
216
-4219
891
398
1292
387
-763
1282
781
1400
-1166
4996
-2022
-2590
2263
-2491
2847
926
1619
-4710
-519
-3743
-3271
4033
-1448
3279
-1651
-1578
4999
-179
1150
-1343
1816
-2311
617
-2230
2049
1664
-3801
2978
-4734
4657
-503
1353
-3586
1314
-238
849
3213
-1108
-3675
2220
4314
2676
-4184
-2373
738
256
-3690
-1264
-4885
-679
4303
3052
4402
-4982
-143
-991
3729
-3445
1372
-701
-3339
-4961
2487
1560
-465
1599
2282
-2328
2800
4669
-4165
-4124
2123
-2829
1014
-4749
3474
2409
-2896
-2410
-3802
1401
2770
-2403
-866
2286
3909
-1582
-762
4291
354
-1575
1208
4094
1986
4920
-827
-3456
-1456
-737
90
-561
-4013
350
3721
940
-1940
989
3561
-4030
3991
2840
3702
431
-4566
2519
3808
4905
-1893
-3035
-1467
-1552
743
-2091
3343
4886
-2628
3486
-190
-349
4519
-2740
3427
3341
2518
-3503
-1660
2711
1161
307
208
-3845
450
-2267
-3206
3736
-4831
2768
-4466
-3324
2793
1061
-4878
6
-2667
3988
-3522
-1686
3050
-61
1723
-4153
1390
4021
-1920
-3597
2698
-318
546
1999
1452
-823
3159
-3380
1600
2654
4661
-955
-3825
1037
-155
356
518
-1438
-1055
4922
3303
-2027
-4443
808
4186
3829
101
1890
-2081
-2280
-2967
4183
-2310
-106
-3545
435
-518
-4178
3383
-886
4185
-446
2124
3719
-4444
-2365
-3499
-4919
-4420
4378
422
-1255
-1459
-1789
-516
2055
341
-4200
282
3158
-4415
-3584
-4146
-4797
-542
2380
4554
-149
151
-850
-2567
-4112
-1812
-1320
2100
-1669
-4397
-2735
-1237
-1938
-2930
-2883
316
-4203
544
-1302
3681
1432
1280
2649
1155
-4394
-2378
4082
1049
294
-696
-4041
-948
4211
-2750
1535
-2766
2248
-1999
-58
172
4537
734
-3473
-4362
114
1827
-613
-4496
-3670
1692
-3128
-4809
-2953
-1373
4567
-745
2344
-1126
-746
-725
3230
-3276
-2986
-4683
3013
-1739
45
1792
1963
-4643
-1699
-2414
-4704
-2350
-101
2009
3562
947
976
-1932
4493
3670
2430
2346
4486
-4138
-3204
3891
3381
-3347
3139
4790
4881
-1425
1072
1902
-3943
1265
-3888
1844
3032
1057
2252
3416
4210
-3440
962
-563
4622
1806
4249
-1885
3833
1836
-3496
-3677
-3613
4428
-3762
2257
3452
-2599
-4653
-1111
-4930
-2556
-1996
-3618
-1709
-1950
-672
-2098
4421
-989
1059
2249
-4612
-2167
1849
-1210
2955
-1900
-4494
549
-2351
-754
4770
-2340
1391
1166
3936
2494
-4042
1085
-1849
-2954
667
372
-1943
3444
651
-1529
-777
-54
3376
4198
4042
3215
-28
2320
-1298
4290
-4281
-1324
3857
-4805
-4217
-1248
-943
-4109
-450
1222
458
2271
-3957
3284
797
4123
-3812
2388
1779
1412
1264
2708
4132
-2526
-60
-4909
-2478
-2832
-2894
-2202
2714
-329
-3029
-2912
1405
2638
-3371
-536
-1736
4107
-258
-2066
-3176
-3849
-4463
4491
-2095
-532
42
-617
1923
740
1018
-1988
-2988
-2047
4270
-4854
1707
-2305
2560
1551
1949
4538
-3702
-4571
1302
4258
2338
-4188
4997
2432
2126
-2506
1658
1371
-147
-181
3208
4960
-26
-2334
-2249
-3911
2314
-1933
1912
3164
441
-2015
4452
3863
-877
3134
-2620
4335
-635
2681
4176
153
710
-324
4189
901
1174
-15
-2422
-3415
-3644
946
4348
846
2499
324
3106
4987
-3839
1492
2821
-254
-2174
3793
-2936
-1937
293
2528
4928
-4135
2599
4763
-2772
497
3984
3896
-3059
-2092
-773
-2199
-758
4718
889
-4606
4761
-3222
4062
-1670
1252
-2261
-1472
1347
-4940
1786
4214
1329
-3602
670
-3444
1226
-967
-1450
-833
967
884
2150
-128
-2123
-300
-3930
-2632
-3834
3356
-403
3976
-3954
4802
4108
-442
742
-906
-4031
3533
-2001
3476
2796
2682
-1002
833
2260
-1545
-1000
-1833
-252
3456
2538
-184
-2393
3732
-156
-4423
3963
2626
-145
420
-3730
-1256
-8
4358
-3188
-2082
1662
-2585
-2185
-3443
-2037
2688
-2312
4355
-253
4040
4940
168
149
-1515
4278
-4115
4736
2053
-2352
-2473
3005
853
-534
-895
-1959
-1516
-3711
-2820
4330
-4546
4285
-1992
194
-2349
-4622
-3709
3786
1190
2364
-4464
-4469
3678
-2846
4766
-3824
4931
2462
4859
2399
4993
-3105
-2002
1696
-1654
1419
2217
-299
1828
-2900
-2005
2985
406
1681
-1842
2419
482
52
4641
-2682
1530
577
-1119
1624
-717
271
-2759
4412
552
2278
-4398
-1106
3534
-980
3762
4685
-3450
-2308
-1245
-2848
4598
1221
-4585
-2875
3672
-3391
-1315
2026
-3325
-4594
107
1415
3655
-279
-3102
-2239
4951
-2873
224
-3487
3355
3363
-4569
-1369
2895
4165
2749
-1124
-292
-2998
712
-3993
-2606
-897
-84
-3433
-2679
-116
999
4461
-1861
1470
2212
-3958
4555
-4192
3262
-1
1730
-1318
2016
472
-1356
-3674
-207
-1076
4983
2735
4345
3834
-597
1404
-4949
-3483
-2194
-3020
2339
-3416
-1569
-31
-1597
465
-3248
3173
2254
1236
4831
-1694
-1800
1587
3925
2924
-3419
-487
3745
4338
-1979
-4459
-1865
-3737
-2016
2467
3542
2979
3560
-2051
427
4570
-239
1478
-1710
-411
-1384
-3368
-2303
-2681
-3309
690
3506
3080
-694
3196
475
707
911
-1585
4930
4459
1768
-2168
2019
-4253
3656
4310
1561
-4871
3740
632
-2298
-4010
-3726
255
4313
-2650
463
-4533
3121
-1094
-2200
2298
423
56
-3648
3172
-3079
914
514
-3683
-545
-4033
-2301
4680
-1065
3771
-730
-3963
3537
4257
-4306
476
2291
4746
2888
-2949
98
-2132
-347
4401
-30
-151
-2097
-1568
2418
4442
952
-235
-187
-562
1656
3726
-2579
-4434
2230
4390
1255
4460
-2572
2598
3826
-3792
2737
3217
-3842
-1115
138
3223
-3420
-4264
-731
4837
2325
3527
-1637
4403
957
-4921
3813
1317
4234
1116
4032
-3249
2945
706
3763
-3827
4705
2000
1678
-3844
1989
1526
-2624
1160
2059
-373
-1220
523
5
-4635
-2700
1005
1334
2171
3113
-4696
657
1450
-673
-1160
-1452
-4942
4926
3649
1047
-2463
-4486
640
-595
-685
4044
4548
-4212
-1304
-2904
-842
4839
-4863
-935
2592
2801
-2833
-2888
-175
-2429
-2932
-438
3683
1303
2512
-1970
416
-3909
4775
-3468
-4346
-4820
3097
3798
2755
4915
-4732
2896
-27
-1811
-227
-4783
-354
2694
4948
1737
-4853
-1829
-1928
823
-3928
2602
708
-2877
-2678
3935
331
3871
-513
-774
3171
1207
-1185
-1490
3593
25
-3628
-81
4295
2452
1995
915
-2801
-3668
941
-2918
2903
-1683
-525
1819
-4516
-3836
-3168
1134
-2458
-210
-312
-2424
3761
3624
-4876
-3870
4841
979
-237
-3807
943
-3238
-2981
-1009
2357
-1802
-2330
-2687
-4794
-4296
4217
3851
1959
-4821
2871
3907
-3784
-1253
3538
1267
4095
1705
-3592
1205
-2555
2155
23
-4456
4938
4876
2458
-1760
-3728
-3208
2396
977
-4081
-1017
-486
-2367
3993
-4808
1765
-2842
2012
2960
2614
-1133
-4211
1070
2270
-443
-708
-676
4112
777
870
-4629
1938
4733
1323
-479
-2125
2146
327
-2515
-3515
-1706
3981
-2319
-933
-1692
-197
-4208
1356
4373
-3197
-259
4795
-4741
-4035
128
-2922
-3874
4727
-3244
2048
-4925
1874
2795
-1182
-417
542
3768
-2696
-1712
-1808
-4738
36
-4102
4009
-3021
666
728
-3051
4828
4913
483
3421
1898
4673
-872
4613
-1412
3090
-3745
-4576
3648
4756
-4101
1370
-3264
3446
89
540
-4648
3980
3401
4307
3493
4515
1125
1311
3938
3195
-4133
-2991
2300
-1023
-581
-1586
-1954
77
-1483
1033
2621
4275
-1590
-688
1568
4036
-3142
-1379
241
-2539
-294
453
2110
-2130
-4077
4616
4125
2287
3590
-435
3526
4722
4431
-632
-1713
4773
147
1223
-1086
-2156
-2588
-3945
-3402
-1915
3167
2274
4496
1455
-2790
-4829
-4902
-2386
3919
-223
-2271
1212
713
3643
-4769
4572
1574
4603
-2071
-1723
261
1341
745
2981
4869
1939
-558
-1780
-4070
-1307
2322
-1633
-4756
334
2576
-4611
-2467
-277
3291
-375
-4504
-3573
1032
2485
-4917
1695
3650
-2511
1080
921
3860
876
-1581
-50
1376
4414
1690
-4786
-1762
-814
-1883
851
-2715
-3269
1056
-947
4735
3785
-380
603
-1521
-2089
-3616
3958
-2994
432
3459
3565
-1757
543
1680
-3066
-828
-3832
1491
840
2797
-3489
570
-1432
-2580
953
4308
2309
-1381
3846
2860
2680
4013
-4850
-3319
-3127
3497
4101
-559
968
-4577
-34
3957
2712
2993
-1096
-4349
-2024
-1790
4980
-4274
-857
3440
3733
780
-990
-4935
-4436
4750
-1280
-2406
4471
-2287
-3680
-1419
1842
1795
2115
564
-1032
-3851
-981
3690
-462
277
1698
-4238
495
-3270
4468
-4669
4005
4119
-309
-1518
2434
682
3607
2472
3989
-332
4182
-2481
-3658
2552
4516
-2459
-3983
-1338
221
-3755
3530
2255
4691
2958
-1858
-3341
-1027
2774
3017
-1745
-4151
4681
-13
2135
-1276
-4596
-4014
-1794
-281
1504
4728
862
-954
-4695
-531
-755
-691
-4663
-4997
1541
-2726
4265
487
75
-3571
232
-4333
1910
4200
-1189
2975
-1214
-3255
4921
4897
4696
15
-1395
-1444
-4259
-1004
278
4465
1200
3027
-4028
-4936
3049
1810
536
-4401
-3376
-2248
-2415
-3421
2514
238
-3190
-4600
3821
-666
-249
820
3586
-363
1645
-71
-4910
-4385
-1204
-3139
-1145
-2611
3212
4862
-1218
1346
-4748
4023
-1971
-4269
1366
-3508
2780
-1610
2890
2376
1408
-72
831
-474
2982
3601
2138
1860
1769
-2219
-2575
2946
1211
3232
3087
3183
-1206
-1945
2618
-1010
1818
3730
-1355
4300
3342
13
-607
-4913
3380
1092
-86
-4806
3618
1203
474
4197
2733
105
3198
-1451
3190
-1614
-4702
-2497
-2527
-2720
-3741
-830
2050
961
4399
-769
-1138
3689
-287
443
4925
-1523
3661
-1404
-3738
-304
4628
2007
1449
3987
-4800
-2129
2525
-4008
2778
1126
3327
-4098
-4308
2206
-1606
-4058
4645
773
-509
2176
4995
-839
1466
-1797
2035
-4843
2747
-2805
3156
-1535
-2774
1586
-657
-1807
2692
-2314
-2043
-3764
-3740
-4099
2584
-1359
-4050
-2402
-1362
-2907
-3746
-1968
526
-3535
-2618
1067
4768
-2041
2068
2311
-2198
-837
2696
-931
2752
2064
4167
165
-1486
-3364
-4668
29
-2133
-2441
847
1670
4372
-504
-129
2952
-3866
3557
-338
4381
3699
1063
2813
-2742
-869
725
4311
-1939
-2882
1788
193
1024
93
-835
262
-1916
2701
4058
-1152
-3653
1192
-3476
4435
2416
-4531
-4332
460
4556
-2637
1168
3898
-3544
287
-520
-2439
-1604
2437
2313
-784
-457
-645
1640
1804
268
1490
-1998
1074
-3387
2957
3912
-4243
-4545
4717
-4719
-2601
1133
-3700
4397
3913
-3767
3453
4133
4647
-4862
-3672
3831
1333
-2341
1931
-10
4769
-3220
2695
3307
4724
1879
-2806
234
-3578
3680
-2558
752
1555
-4245
896
4030
-4123
-2283
-4298
108
-714
555
3442
-4590
-4439
3455
-9
2983
-3193
424
-68
4912
634
-4428
3966
1006
-4979
2299
-3486
-2105
3410
-4688
2939
-3898
123
4885
1451
3584
-371
-499
-4002
1386
-687
3875
580
-2865
-4589
1197
4439
-619
10
3252
622
454
1565
-4363
2413
3047
-256
3016
3328
-1212
3260
2444
-1846
157
4933
4903
466
-4286
-4435
-1059
3315
-2471
1532
2122
2431
-915
2991
-3150
-3988
-3594
-2530
2033
-2693
765
4141
2972
2803
-4998
3873
186
-4521
-1453
4944
3037
-4845
625
-2321
2312
3194
225
1224
4932
4569
-1411
4497
1738
2284
-2389
4419
270
4653
2215
4682
4069
-940
-4943
4720
-1184
3267
3807
-90
3314
3744
4326
-924
-4848
-3579
1268
-3826
2327
2356
4236
2498
464
4331
3300
-4388
-4502
-1153
-1250
-1021
-4952
2119
2600
-1056
-2910
-4429
3120
-4291
1312
-3886
-805
3335
-3351
-2741
1098
-4709
-2078
-2093
686
-4078
2017
-3539
-2011
-3671
-2501
1557
3238
4366
1364
65
-2963
-3307
-4162
2303
-3477
-962
2173
4362
4161
-298
1327
3960
-4798
4389
-4883
3713
3942
-4089
3510
-4973
4149
-283
-610
2817
-1788
1217
-2337
-4011
553
-1430
176
2132
2669
-964
-1831
4367
-2783
3803
4391
681
-1828
-3763
2208
3344
-2971
-1465
1149
-1742
388
-4231
2067
-3135
-1316
-4785
-2841
2769
2164
-137
3644
167
-1744
62
-2126
-4534
1374
-2061
4448
1534
-1539
2751
784
1512
-2642
4982
-3401
-1135
400
2495
-4536
-3575
-3126
4323
-604
1481
-2045
-986
-1221
-460
1691
-609
1115
2632
4227
1837
4916
3075
-1400
-4513
1245
-4328
-1779
-2612
776
-2212
-2455
-1339
-2010
-2800
1694
219
-3692
2863
2482
-994
4241
2661
-240
-743
4549
-851
106
3150
3945
2367
-1908
1559
-2666
1262
3636
988
3030
-1754
2580
-4222
3102
-498
-74
-594
-4311
-4327
-2764
-2121
4396
2874
2030
-3181
4153
3149
139
3545
919
1195
1411
897
3659
1299
-4335
-2327
1808
-829
-889
4055
-3787
2630
-2122
-2031
2743
2042
-3303
-4229
-1061
-4528
285
4963
-2897
-2576
3558
3910
-2834
-3876
2756
-1558
1796
-3199
-3448
-538
2705
1427
2097
2114
-979
-1476
3570
4411
-1331
-4799
-4085
-651
4582
-4221
-3646
1225
2613
-2028
30
1708
-120
2483
-891
-1705
1835
4325
1482
4672
-1841
-1777
-3472
-1387
-4321
-4044
-1104
-4923
-4557
-4005
-161
-3581
3718
4099
4758
754
2644
1579
4600
4086
4121
-741
1643
4429
2043
-308
-1785
1777
3462
4738
2875
-3272
-2220
4126
875
-535
4618
-2950
352
3999
-2371
2838
-355
1440
-4517
4836
-2770
-1154
-4380
2417
-4141
4001
486
-206
-3855
3365
-3537
2179
2730
1214
-3889
2363
-3069
1468
-3554
2162
2143
-2847
-4283
-1415
-2141
2832
4656
-359
-3424
2426
-62
-2914
-4981
-2251
-3157
-1445
73
-1890
3293
250
-658
-4776
-4765
-4074
-117
4222
2218
-4239
-2915
-953
1209
-3568
2107
-1383
1875
3928
-1856
-2206
-4406
-293
240
704
-4807
2919
12
4188
-4553
-1664
3065
-444
533
-4379
3045
-4020
1881
-2928
3738
-4985
2758
3180
2186
4384
2402
-3893
3622
1009
468
180
-2964
3498
3029
1407
4959
4131
-3772
2717
-2293
1000
-1308
2137
-4424
3209
675
-1195
4245
3654
865
4687
3236
3448
-1068
-1822
2794
-376
2511
-1591
4634
1955
2422
4239
-570
1980
-3768
2965
-2817
-4705
291
4615
-3336
4888
-2483
2238
288
-4777
-4778
1275
2763
-517
-3413
-2940
2405
-79
-1121
-2837
-1281
-3080
-1129
3412
-3800
3708
247
1922
-3089
-3134
-603
27
-1851
3201
-2518
4457
-957
4972
-3561
-4870
-2214
1003
323
-3458
-4295
699
4679
2587
-4579
-2265
4415
-3543
230
-1396
4408
-4062
-2499
-4554
-1595
3353
-3481
804
-539
325
4386
136
2722
-1466
-1219
3468
-3863
2141
-222
764
-4586
-3365
2678
-1623
-3507
1614
-2562
-4934
4269
1355
-2744
2994
-2622
1822
-3054
-1960
1577
-1534
-522
-2320
-44
-2903
2971
3536
-1008
4712
421
-1060
-204
-3875
1981
2564
3877
800
-201
2920
-824
1907
-4929
890
3308
-2557
-2705
-2968
720
-2638
214
2777
-418
161
4271
2337
550
2998
3724
-1985
2949
-2725
3105
4363
-3661
-3237
3977
-3920
2776
1644
2622
583
-2381
-2889
-3843
3271
4946
-4338
3340
-544
-2972
-1183
1447
2265
-661
-3404
-3383
-2623
4654
-1617
1581
1029
4875
3671
-3250
-3731
4794
-3684
-4154
-4399
3852
-3358
63
-4549
4304
2922
990
-3147
117
1537
2744
-1867
-1700
3927
384
1469
3240
-2695
-3068
983
1714
-3162
-4698
2036
4649
3274
2168
572
-4382
2771
3696
1508
-4763
488
1020
498
197
337
4282
-1601
1403
-4655
-45
4075
4067
4194
-3283
-506
3752
1751
3099
3077
1712
-2925
-3140
3378
2024
-3794
53
4117
-3058
-164
-3013
-1746
4151
-497
2685
46
-1458
-2370
4148
-1951
4000
-2160
1778
1336
3177
4633
1026
-4170
1533
1454
-4023
2038
2315
-2652
2072
-2952
-4879
2382
-1889
3329
3611
4495
-2984
3141
2330
-1989
399
1829
1420
-429
-1804
-1563
-1003
-4427
-3333
-3519
3263
116
4105
2005
-1005
-4675
4855
-724
4152
-2470
-1817
814
4292
1976
761
-821
-982
292
4424
-2522
4385
-2999
17
263
-3124
19
-2670
-4682
-1329
1538
-1625
1234
-4072
-3427
1800
-2756
-2603
-2961
-4753
3876
152
3395
3079
-1834
-1345
4564
-1738
4417
1848
1246
-4511
-3987
4336
-3557
511
513
-170
3870
-1896
-3986
-4282
-854
-211
496
1529
3677
4643
-4812
2934
2616
3812
3765
-73
-972
-2686
-2684
2520
4171
1038
-3882
-2012
141
-3111
2811
245
-2959
4180
993
-879
1636
160
-171
-3357
-2647
-377
1520
3504
91
2931
-4889
-2072
-2049
-3742
-579
-3814
-622
-3399
1352
-1211
-1688
-1205
3501
-712
2785
-2809
3859
2820
987
-186
-3908
4585
-3540
-3337
140
-1424
-382
-3577
3794
-2789
-478
-3752
252
2411
-1801
-2630
-3239
569
-313
-2191
2224
-4114
4114
1919
-4414
-491
2893
1462
-875
-2798
-4770
2091
3009
4976
1337
4434
1019
2608
2200
-2187
4829
1755
574
3895
-3862
3652
-3403
-2942
-331
-3434
0
-4064
4343
301
-1956
4296
4261
-4453
-3999
-1772
-48
-1251
-4649
-4095
594
3783
515
923
204
490
-3837
-3916
-1567
-3312
-4826
4351
3512
3004
-629
-3523
-2255
-4348
-2969
-3795
3703
3606
3480
-1961
95
-550
-1477
-3373
1152
2246
-3326
1893
457
-2358
-3821
-1677
-3230
4539
749
-2574
-3647
-3527
-1011
-2598
3613
-3466
-1887
-4196
-3813
-3019
1649
1496
885
1652
-1186
3330
1288
-112
-3894
-4213
4066
758
-4772
900
2078
-4963
189
-3318
3020
1867
4081
-3950
-4535
-4751
1554
2629
202
1679
254
-1925
3795
4488
1961
3861
-4358
-2917
4801
-3788
-51
4784
1883
-3075
972
2002
1547
4650
-2290
-2138
-1358
1843
2582
3920
-1215
-2323
-1226
-1646
3515
-3598
1156
3251
-4149
4229
-2508
1731
-1478
942
944
-3394
3070
-3301
-4492
1984
-894
-2943
2663
3904
1285
-3651
1162
-4750
4444
2916
-697
-2495
3429
-2568
276
-3917
3354
4054
1313
-5
509
1260
-2490
1277
-3480
-512
-271
2647
529
2808
-2488
843
1733
-3018
2728
-2813
-4920
-2698
-1347
1220
524
-70
-3125
-1749
3418
-91
-1627
1073
2166
31
3594
-2062
2738
-1446
1870
-2808
-1279
658
1904
133
3959
417
-421
4204
4279
747
-1462
1172
-2079
4163
-433
2532
-2665
3623
3574
-2115
3096
785
4337
3181
-2564
3779
-1813
479
4783
-1285
-3972
-1020
3431
2606
-1619
-652
3492
1426
4089
1325
-4637
4174
-4201
-2013
-1662
-1389
-3340
1349
3582
-2235
-3488
-1101
1516
4814
4047
-1719
3930
451
4893
-800
2575
-3735
-1947
-3547
4863
1331
-2294
-1013
2555
-1519
1109
195
-3657
-397
-2732
-4257
-2947
-920
1527
-2418
4788
3073
-2281
-560
3564
1550
364
-721
3955
2439
718
200
-4066
2243
-2828
-3231
-2691
2767
-3028
2910
-1173
1888
898
2075
2854
4804
2809
2551
-1364
2326
-533
-4711
-2748
-3095
1571
-1421
716
-2
2491
-316
-2909
1531
3580
912
4380
4786
760
2745
2941
321
-1838
1218
-3929
559
3882
4374
2130
3714
1672
-4473
-985
-2987
2116
-768
2666
-2643
2140
4711
1191
-4664
-3715
-3919
3589
-4426
2226
-4465
-1037
4935
-3630
-1589
4952
-786
-4275
267
4957
-4343
-605
-196
2830
722
-182
94
590
3952
1630
-1223
772
-1512
-760
2210
2197
3990
1015
-3023
-2927
-3117
981
2489
1464
1702
1602
2397
2539
-3817
-789
-844
-2923
4817
3610
3647
-1787
4994
736
1297
-3566
1900
1916
-1966
2550
3998
-1982
1543
4315
-356
1781
-1213
-1727
-1479
1128
2897
2420
-2745
-4519
2703
-2276
-3994
1661
3742
-3377
-4938
-4790
-4955
1663
-3256
3710
-3532
1011
3280
-3202
-1474
-2891
-189
-2631
-2758
-4505
834
3867
-1837
3126
-4568
-220
-2253
-3395
672
-1860
2290
4513
-596
2588
1270
4737
4510
-3327
4041
4527
-2291
-4968
-2718
1271
4908
3367
-4355
-4410
-2836
4092
-3183
-3588
171
-3077
-2531
1591
-3638
969
397
-3504
-3016
3664
361
-4007
-695
1129
-2131
-858
-2731
-4223
3642
-2535
1673
-2357
-3465
4950
4754
2672
2029
1634
4865
-1944
389
4359
-1729
2569
-4082
-493
-923
206
-2436
433
644
-3978
-323
-2149
-1463
4536
4791
-3831
-612
3407
2655
-3997
-2685
-3043
4170
-3381
2251
1706
1977
-1252
2757
-2003
-4890
-1639
-1533
-1689
-4775
532
81
-588
-398
3741
155
-107
2041
-4111
1562
-289
1697
-3611
4409
-55
4477
2272
3767
4049
-2009
-4132
1909
-2653
2857
3368
491
-2941
51
1180
2302
-4422
-2566
-4059
2932
-4830
407
-4607
-1270
-541
1263
794
4184
1994
-1084
-2529
-370
-3133
-2382
-2480
1762
-214
1185
-1570
-3174
-4839
-3045
-2289
-1798
2343
963
1639
-4293
-1656
199
-4567
-4874
-4859
616
4360
-3423
643
146
1289
-165
4413
-4218
-1806
-4945
4137
2160
-884
-3003
-2096
-4959
-699
-2285
-392
1811
-508
2353
3388
-1964
3716
4405
-4220
-4524
-2985
4988
3723
2968
-3558
-1496
100
4463
1791
880
-4396
353
-3467
-1049
2818
275
-3242
2637
-4277
-4575
-4273
296
-1941
-3925
-1494
-3530
2720
-2627
3312
2572
-3078
4302
-2090
759
-3923
-2711
-3682
-3137
4986
-3587
-3289
-548
-2428
-1973
3409
-3323
1660
-716
-2641
1380
-2831
-776
1010
2590
3054
-809
-1290
4029
-3025
1104
-447
4621
-689
2203
4142
1647
-3525
3220
-4191
2192
1831
-3334
-885
3178
3095
1655
-3769
-1437
-3697
1978
-4555
571
-867
-4886
-1613
2424
-640
-1305
4088
1927
-2753
48
-3729
-345
-105
-314
21
470
-918
1598
-4507
4880
4787
-3976
11
2641
2227
-4759
-655
-1113
-2309
-747
-3776
-2596
-4175
72
1917
4139
-3273
-2593
4777
-1661
-3748
-1337
-303
3339
-778
366
-346
2438
-4437
-3775
2878
3053
839
2866
-3479
170
2548
-2859
-1942
4846
4395
3961
-1793
-1088
-3621
4135
-1054
1632
850
-4411
1360
-3346
4321
-3099
-3947
2815
-4446
-2802
-2702
-4757
-1857
4416
605
494
4635
-1377
3375
3364
579
3243
-2762
3320
4173
3024
-2960
-3284
3841
4392
-321
-903
-4931
2969
2079
-2181
-556
-3879
3509
456
2244
-2318
815
4215
-4022
-3778
-3641
-565
3256
473
127
-1953
-3138
-3922
3693
854
1623
-3384
1368
1340
510
-2676
-665
623
-3287
-3601
3827
2360
895
-709
-2307
2861
3725
-374
-366
-540
-4288
2855
-2854
3822
3203
4233
4597
3491
1700
639
-2426
-449
2084
-386
-257
-2094
-2404
264
-4975
-1052
4263
4525
-284
-3009
-4691
217
1477
2148
4178
-3163
2341
1071
-2342
-4226
2105
586
4540
-2916
2261
3273
805
-1310
1918
3485
-364
992
856
-1696
375
3811
-2765
-2668
-1895
-3514
3210
3603
-123
-3841
790
-1457
500
2534
2180
-3107
-461
2204
-4344
2883
3281
1461
-2697
-682
-1514
4061
409
-2874
-4441
1418
1055
318
-2710
-415
111
1241
1438
-703
973
-1824
-2476
3002
3224
-2339
4277
2853
2066
-4199
-4541
2391
-2876
-4685
835
-404
3499
-1093
4393
-3937
4967
-337
3140
2762
-4901
-1621
-1720
-702
2037
-1470
2825
-749
-3129
-2234
-1272
2174
290
2976
1522
-552
-589
312
-1755
-667
-4068
1787
649
-1868
-365
578
1604
1622
537
-3990
-2812
269
-1201
-2818
-4768
3759
3246
-1536
1506
3858
265
-2087
-2084
-1296
2753
2631
4904
3646
-3030
-1891
4542
163
1261
188
-1752
4490
-1344
-2782
-108
837
-4865
1593
1388
309
-2788
1617
512
1144
-1502
-4152
3585
-4145
995
1269
3524
2040
-1439
4410
-119
-4482
-4365
-2592
2734
-3056
530
3389
-4632
4721
1729
-806
-3698
4333
-4787
-172
2610
2933
1089
4731
4792
-3031
-1354
-887
3371
-1120
3885
2967
-1040
28
-2275
-2153
3900
-69
4578
-1090
-3195
1596
-291
4060
4867
3511
-3074
-2493
2194
1515
-3484
-3608
-3414
-4271
-4205
3669
2108
1040
3929
-1918
253
-1317
2623
-2479
-1990
-1418
1896
-2440
3420
-4244
1103
-1198
3193
-1399
1444
2542
-1047
-2513
5000
-4640
74
33
-692
-3654
-2282
2165
-3314
-592
-3241
-4650
-3160
-576
-1063
2905
-4684
1483
1087
-1897
2350
863
-4873
4160
-1922
4979
-1167
1176
-218
-4849
113
1758
-847
-811
-3542
340
-3175
-3688
593
-4867
4890
54
3136
2527
2607
-2475
1165
-1240
4934
1001
-527
1752
-3806
2027
-2394
2659
866
-3459
158
1248
-846
-1553
2476
322
1667
762
-4353
680
2557
-963
281
-4103
343
-140
-566
-3396
-2786
-3397
4521
-4323
-3492
630
4544
2761
3461
-2346
-3344
-949
4319
4071
-1636
-2857
-4868
-3965
-2166
2686
-2456
-910
-469
3176
-2507
-3610
1249
-2869
1342
-3883
4789
-4817
-1073
4520
-4771
3310
-3493
-2182
4602
-1461
1988
3413
2943
4078
-2064
3614
-360
3067
3074
2276
-3634
3012
-792
-3754
3924
166
3778
-3006
-3359
-3877
-2656
446
-783
4958
50
4842
4447
4072
-483
2094
2308
-3632
-160
1721
-2068
906
-3146
2381
4199
428
-490
-4451
-2893
-3904
-3599
-719
-4679
-1592
3166
2533
3322
-4884
-4969
-4140
-3046
3645
2441
-3191
-660
4607
1605
-463
-1394
-1025
642
613
2574
-2317
3034
-3321
-3906
-3225
869
-3872
-3215
4164
3331
-2799
4144
-1544
1417
2157
2279
-1336
-3513
-2054
4318
-1711
3287
-4364
-803
3242
4667
4129
2378
547
-2390
1732
3374
-736
2506
-1141
-1635
4927
4268
4284
-2619
2531
1213
4971
-3259
-3975
-2749
1715
-2602
-4054
-1501
-3001
-4960
1592
-1401
2193
1332
2250
1748
-4314
-624
1517
-3014
-2850
-2359
746
4267
3832
4076
-315
-1600
-3449
3011
-1435
-841
455
1457
-3245
2973
3847
2340
-1554
4744
-1042
2058
-4646
4478
55
1926
82
-1701
2736
-4498
-17
459
-1371
2889
-4618
958
-1791
3272
-1227
314
2412
-2080
751
-1024
-3060
-4781
-4447
868
-3002
-24
-3228
-3406
4441
-1357
-4134
4127
-4155
-926
592
-158
3944
148
-205
3756
-1122
-1528
-526
3214
3608
41
-1155
1953
3679
757
1502
1319
2415
-1006
1802
-1273
2989
-3011
1911
-864
538
3283
-834
4688
-52
2907
-4840
2421
-4527
43
3770
-3141
1901
4433
24
-781
-2336
-3629
4404
-2890
-76
-4983
-1026
589
1473
-2113
2591
1826
-4825
4221
-1572
3569
4018
-4452
1025
-2523
-4032
-229
-3430
4936
1430
2816
-1235
-1855
-3721
1590
4797
2691
-765
2568
3604
4128
-1504
-2360
-2218
-427
4577
4218
-4086
2683
-3786
1582
-662
-2760
-3699
1081
-3933
-3298
-797
4534
-1840
-1517
3266
-4209
-441
4917
3781
2285
4825
3717
-2186
2474
807
1556
3145
-916
-1935
-1870
-2509
3345
4776
3577
4511
4458
-4361
3225
719
4443
-3667
-2468
4509
-707
-2746
2392
-4801
3532
-42
-496
4984
3458
-1015
440
124
3477
-1508
-3717
-4686
4063
-1782
-3901
-4227
-2671
1439
3197
2473
-1634
-654
1017
-1234
-1649
3304
-1440
1925
-2966
-1417
2205
1068
1789
1609
-4678
2189
-3887
711
3598
597
-578
629
-3429
3751
2069
-4716
-1859
145
-638
1567
-378
1431
-3805
-4881
-2487
-1672
2648
-2297
-1792
-3008
-4377
-1963
-1078
-641
-3643
1278
-939
668
-973
1381
-3501
3777
-1795
-3288
2684
3337
-3956
3705
1703
-1820
-2102
-2246
1897
86
-4595
726
-3722
3464
1971
1345
3711
2423
2085
-97
3185
-1332
938
2891
2219
-4128
-4552
-4723
619
-3935
1627
-1374
1453
-2958
-3171
-4262
-1767
4820
-135
-4836
246
-587
4644
2113
2999
4739
-1550
126
-3382
-1946
-4570
-2018
2593
1188
1304
1409
-4588
-4455
2566
-3859
2232
3405
-2296
-1222
-2804
-4021
-1275
-1718
3098
-1876
-3809
-1271
-2675
-4049
-3808
2294
-3819
-4713
2429
-2663
119
917
-209
-3214
-3771
-3152
4574
3479
-3760
2369
-1952
-4976
-2867
-1986
4708
2791
2258
2530
363
-3317
-801
-127
3064
-2807
3031
2841
4833
1564
4524
-344
3101
-2591
-1161
4748
-4304
-1294
3125
-2614
2349
824
-2165
4910
1930
2852
-4278
-203
4339
229
-1786
338
-1645
-4047
-219
-848
-1216
-4235
-2659
-20
211
-2880
-1748
4474
-808
-2385
4003
-3512
-2728
2144
1443
-3033
-2747
4584
1
-2025
1803
-3097
-4352
-1750
-646
1291
-3294
-4639
3816
-4316
-1334
-2477
4322
-3570
-1041
248
3517
-4261
2028
-3884
-2398
3755
2074
4874
-3258
4134
-3892
-2743
576
-3681
-3154
1441
-2552
251
-2460
1914
-2733
-4857
3131
-1091
-2722
-1192
-4847
694
-362
-3725
2118
1713
-193
531
-1888
-4725
-4562
4147
-296
-2635
-3350
-970
1023
-4680
-53
4868
-4967
-4287
-4224
-3510
-1043
3137
4832
-4312
1653
-466
-3186
2393
78
-4079
-1335
-4970
2917
-4855
4083
928
1060
-4104
1846
-2674
1552
-2706
80
-4620
-4472
2912
791
3445
1542
-723
-4169
3902
907
-1703
4807
-2504
-2399
-3345
-1571
1969
-634
3662
1343
-3538
-3455
-113
1813
-4515
-4974
3313
-141
-3977
-2974
2120
4324
-881
-4717
-1341
-4214
3487
-4506
-150
477
-436
-4369
-3320
4053
568
608
1402
-1991
1075
1686
-2573
-4657
1135
-2851
2169
-3685
-2210
-812
2275
-1731
-732
-1469
2834
702
-2677
3175
-930
4732
-3524
4301
-3010
-3061
-2032
-793
3746
-3367
852
2490
3932
-191
2713
-3714
-912
-728
4900
-200
2766
-3098
4006
1472
4422
641
-3438
-4481
1913
-4400
-4581
-1910
-1406
1545
798
-339
-3969
-1092
1495
-1224
-40
2929
2216
-2326
4579
-4445
-3910
-3968
1891
-3094
-369
349
-266
-3335
750
-4739
1178
-3083
4629
3202
965
-3848
-2164
-780
-4906
485
822
3962
-1044
1629
66
-4480
-367
-868
-2821
-2050
3951
4456
3402
-407
2710
2046
1354
2603
2662
4850
-2594
-2655
-2838
3160
-2395
1101
2446
-1048
3790
-4715
1258
3838
4517
-2734
-4183
3387
-4603
1616
-4729
-2254
-1230
3641
-3885
-514
-3921
-2955
575
-104
2667
3774
2207
2457
-4490
-3041
425
2379
-2785
-764
4501
1745
-3120
-4518
-4614
-1407
-3393
1384
-4110
-3379
-2826
2172
-4383
4365
-4743
-3153
4193
369
-4548
1727
-3266
2241
-2776
-3607
3825
3750
-3148
1044
1050
1242
-2823
-3756
-1495
3787
1094
1518
4256
-2348
-1995
-521
3227
-2956
-1380
3908
-1869
508
2347
-4139
1814
2370
1809
-2295
-744
-4272
2161
-946
3264
-3880
753
4914
626
3467
-1287
-1972
-3109
-4254
4012
1316
2651
-288
-4988
787
-3505
1113
-4813
-3366
2526
3362
-1775
2643
2810
-4887
4309
-341
-4937
-3331
-4991
-1907
-488
4610
4209
-4419
1344
2181
2061
-4093
-2919
-1014
-432
-1557
-1157
159
-2391
-2450
3419
-267
2877
-3461
-2617
1892
302
26
1175
1013
-4484
-400
-275
-4789
-2140
-1611
-4118
3890
908
-3226
3265
-2793
-3962
-3342
-4477
693
2567
-751
-1464
2549
-1392
2724
-166
-3622
4423
-3905
4819
-4315
2586
-4407
-3703
4827
4202
-1099
-3265
-2945
-874
-2815
-1149
-2250
2221
-4811
-1431
-734
-3184
1588
4896
-3392
-4090
3348
545
4857
3855
-2646
-2604
-1987
2093
3773
1296
213
1499
-1776
-335
1887
4695
-1652
-1850
-3103
4420
-2252
-2343
2805
236
3451
-855
-4113
-2227
-470
3923
3041
3727
-4161
-1848
-4376
818
-3946
-2469
3905
4609
-1845
-1408
-260
-3332
4810
-2029
-4053
2690
520
-2306
2060
-1612
-1821
-1977
-3362
-1158
2501
-999
2006
4228
1367
4375
2790
-3121
-4024
-3108
-2417
-1247
-4875
-1058
-286
-3263
2640
3903
-2189
-4125
-3116
-1225
788
4703
3450
4646
-1349
3737
-3686
-4762
-4987
313
3973
1389
-4356
4115
-1370
2077
2317
-1455
-799
-3934
3653
-995
272
-4986
-4280
4020
-4409
4312
-2649
-43
4080
3667
-4758
-1436
-3620
-1365
1229
-162
4826
-2538
4845
4026
462
4571
162
-3233
3869
3934
304
-233
4260
-1314
2190
481
683
2594
-1653
3685
-3431
4740
1797
-2397
-4489
-3941
-2863
-1414
283
1595
3338
-3310
1832
3632
3615
1756
-328
4479
2464
1997
4104
3437
-2996
4113
-908
-230
-3864
-1881
-3277
-3156
-802
-4537
-2769
4808
-1353
-3633
-636
-3853
-2484
2497
-2796
-3485
-733
1359
4599
1799
-1584
-880
-1969
102
3357
-2879
4751
-2578
-668
1880
-3967
2908
2925
-2383
2833
-2545
-2355
3889
-4215
-3067
-1599
-623
-3348
-1386
-4230
660
3494
3554
2198
-247
4665
-4958
4749
1524
4895
4664
-4972
-144
-368
-103
4327
4683
3489
-2040
2966
-2913
-2111
-1067
-4828
-32
548
-770
-1180
-1903
1637
-2260
-4905
-2057
-1197
-4067
4678
40
3539
1709
1102
-1764
-1769
2842
-494
1864
2471
1339
1206
2615
-961
-3918
-4627
3285
-1146
-2109
4891
-4166
-2158
-3758
3874
-2052
1315
1677
3425
1119
-492
4059
1979
-1416
3040
4834
3398
755
4939
1915
3392
-1420
-2752
210
-3652
3038
3700
1253
4093
-2329
-420
1194
4677
-3991
-4450
1566
-909
1377
-3495
551
1726
-3716
-1081
4961
-3833
4430
599
-2208
-1295
391
1046
-282
4674
3886
1838
1326
2611
2517
-757
-4933
3278
-3640
4432
-3528
-2514
-2856
-3980
-2288
502
3799
2605
-1260
-1647
4590
-739
956
362
-2347
3815
-1217
110
1318
1416
-3704
522
3393
-1675
-185
-2419
3809
521
1739
-199
-263
-2332
-1057
-628
2056
-4460
2942
-3400
933
3734
-3076
3597
-1598
-2474
1387
442
-831
-139
-1668
2578
-2672
4425
1982
-4916
741
-4442
4692
3188
-3783
4334
-4143
-4538
-4012
-648
1137
-3820
3068
1100
1131
-1542
-3418
-2204
3110
1320
4155
3311
452
303
3071
-1128
3878
-307
-1097
-2269
2182
-1114
-3090
3840
-1035
3591
-1163
4911
-977
-656
2577
1753
-3989
4187
-1034
1511
447
2718
-761
-4177
-2279
319
-2492
-2190
705
-3606
-720
-2989
-2374
4467
-2316
4612
-4325
2535
-1481
1107
-1194
1597
4608
3600
-1967
2151
930
732
-192
-4529
-3797
4924
793
2635
1657
2570
4655
892
-4652
-4810
-4303
2362
-4897
-677
-2067
-4290
4929
-4773
-3818
-1072
-65
-3518
1493
1761
3540
-1997
-452
1620
-663
724
-1100
-3254
419
4909
2913
1139
3089
4805
3358
-4018
1544
-3562
-1556
-1181
-4667
3665
-7
-2245
2039
4809
3933
4955
3165
1053
-683
-410
-4584
-3936
-2159
1725
-3896
-591
2544
-3034
3985
-2259
-3155
4243
-3144
-1726
-2621
3454
567
-2380
2187
-2270
3218
3282
394
-3719
2018
-1698
-2127
4212
4970
3333
300
-49
-384
2209
-626
997
3168
18
-1682
2719
4305
-4953
-3852
-3405
493
1243
436
-1588
-2238
-1704
-4844
-3039
4991
3969
1523
4990
-1994
-2231
864
1841
2536
-3948
-2059
2829
-47
3722
-4574
-2236
-3531
-2855
-1919
3502
2639
3152
2901
3100
-3042
3490
196
4157
3078
-4609
2063
1952
-1892
2443
-2065
-507
1610
1083
-3136
-2325
3937
-934
4143
-1491
3872
1651
3519
2280
449
4085
-1957
1274
-3549
2928
-3927
656
2394
-4107
-2868
-1199
-4819
1494
-678
-4121
-343
191
1487
-2060
1244
3404
4253
-845
601
-216
1877
1852
4394
-4404
-1249
-3170
368
3630
-1095
-4360
-1663
-2056
596
-4147
723
-3114
-4631
4686
-3196
-4922
4451
3076
448
-785
4476
-336
562
1406
-3705
2023
4710
-862
-1378
4068
1770
2001
4350
1668
4796
-1603
-4954
-2175
1899
1369
-3212
2375
-2437
2835
-4670
-3679
-399
-4475
1784
2563
-4746
-459
-2704
878
4606
-132
-188
-2170
-1352
131
3008
4526
-213
2183
-1413
-501
4659
-4292
2612
3503
3018
2304
-4578
1171
-1402
-4045
-3151
173
-1602
563
-1231
3092
-4242
-3388
1118
821
4191
-3187
-1538
3289
405
-966
-168
730
-554
-4322
4785
-3052
-1929
4586
566
4742
-1555
1575
-4055
-2906
4293
-2600
1671
-1579
3441
-4412
112
4237
4344
-2979
2213
-2033
813
-484
-944
-748
1759
4028
-1666
-4232
414
-1741
-1071
-2103
816
-1442
1514
1159
855
1940
2660
3093
3478
-1330
-4131
-4587
-217
-4834
1086
-1747
-3966
3189
4854
-2860
-1761
3695
3559
-2215
-3774
-3232
4037
2970
-959
-4122
-2225
1889
2596
430
-2853
-1737
-2354
1097
-2645
-1766
2595
-1626
2936
4611
3879
1231
-423
-1326
-1690
-3803
-1423
2784
3691
-2792
-3112
-1778
-4780
-4722
936
1093
-1530
-2229
-4384
3917
4856
-3386
2502
4894
-1426
2310
-3361
2604
-88
1717
4700
-4740
-3868
-843
-4176
3292
-2063
-3426
-1537
4821
-14
-1333
1873
4560
212
-1427
-3192
370
-2421
-4341
-358
-4206
-2510
1650
4743
-2870
-3569
2522
1621
654
-264
4368
2456
-4501
2798
756
-177
2098
-3605
2990
3546
-1292
1338
-553
-4703
1153
3901
-3282
-1814
692
-3145
861
770
-4357
-4190
-3779
-4730
360
3226
2233
607
-2840
4774
2687
-2462
2709
-3313
4637
-4659
-121
-3625
602
-274
-4625
1397
3146
2371
1158
-276
-1136
-1112
-2073
-2449
-3940
3943
2699
1186
3684
-388
-1507
4196
-698
3579
-3974
-865
-524
-1725
3379
3268
2707
1486
-2116
-1714
-3179
4328
996
1929
3621
-3236
-57
3986
1475
-3627
2020
-4693
-1583
-627
-4130
-1559
-928
1936
-1036
-4866
918
4286
2332
2436
-1886
4273
1509
-700
-4984
-1007
3066
3658
877
-4754
4508
2414
3528
3568
266
1154
2410
-2142
1281
-1527
-130
-1239
696
2125
3800
345
-3639
-3913
-3534
-852
-644
-642
3237
-2520
-1080
-1301
-4340
-4856
3151
-3470
2864
-4168
-4602
-1388
-4861
4122
1066
4779
2292
3253
4156
1122
-1361
-4731
3058
1458
-3604
22
-4026
-4700
-4894
1945
786
-3617
4294
-1965
3978
2305
-1311
4454
-1628
1324
-4724
1510
-2977
-4105
903
2466
-1962
-571
-56
-4658
731
-3858
4595
-1665
1859
-1171
4945
3830
4830
-4656
3922
215
4698
-4827
-2962
3666
-3428
-1039
-4947
-4129
1584
-1562
-1172
-3224
4624
-3766
3596
1027
1924
-4654
-904
-3251
4158
3247
-4471
1905
-2035
4550
4772
3109
-1001
1132
-4551
-767
-735
3352
3
591
-4599
-1805
3835
879
3731
4975
-4767
-244
2807
4244
4102
3301
-2322
893
-4267
-1561
1428
122
661
-4503
-2946
3675
4638
1611
-1924
-2438
97
-2561
-1018
1549
4566
-537
-3932
1991
-3712
-391
-3550
3551
-1382
2401
1321
259
-2361
-4060
-3780
611
1446
-2197
311
1413
2650
-4320
2427
-4046
185
1635
-4182
3026
1612
-3506
2802
-3229
803
1854
1254
-3084
1793
-4499
-3172
3819
-4962
-1547
3396
-1560
-4329
-1506
-937
3626
-212
778
-4174
1251
-440
-1274
-4530
-2331
1583
-3815
4426
4557
1570
-2548
-807
2558
2561
4110
-2827
733
-3210
2449
-4204
2103
4943
4562
-2147
-3926
2828
-195
-3360
3633
4453
1054
-268
4246
1503
3921
-1299
3015
519
-4512
2868
-2377
-408
-4270
3620
1539
-4258
3438
-4891
-3166
-3047
1772
-1109
-2569
2358
-4345
-2466
-2673
-3087
-4015
-549
826
2740
-133
3555
1096
-510
-1733
1683
2057
-4037
-3088
1757
-598
1021
-4880
1237
774
4941
-2543
1908
-2434
-4016
3083
329
-4638
-2990
1348
3692
1607
-4467
2940
-125
3010
2573
-2755
1306
4203
-3007
-4440
2242
-3560
3174
-3278
3244
3433
691
-2362
-3924
1878
4625
4317
3117
4504
-4433
383
-278
-136
4043
376
-2771
-273
-1541
2806
3154
-4720
-142
-2577
2540
3046
-476
2559
411
-2017
2881
2799
64
4487
978
1378
-4319
-1948
3965
4035
2475
-4025
3286
2754
-4331
2062
2646
4965
3082
-4892
2859
-2150
2869
2894
-1209
-956
1998
1618
1394
4283
2136
3297
2133
-1277
3706
-681
-4926
-1715
57
3640
3182
-4927
-387
-2542
-3750
-4448
-3733
-4468
4981
3715
4626
-4846
3635
3776
228
557
306
-1844
2760
3112
-3267
-2345
-3720
1676
-2430
3385
-2464
1259
2693
-4918
2316
-740
4730
-2532
4349
3057
-1872
-406
4255
-2544
3386
2368
-2356
-4171
-2369
249
4547
3629
4973
243
3321
3660
4559
984
1295
3309
-1873
-1286
4978
3443
3326
4361
-2000
-334
3508
-4791
-1693
1219
3124
-4598
-3665
484
4675
3780
-1482
4998
-620
3704
-2034
2433
-742
4719
2995
84
-4117
3336
4860
-390
2988
184
-2104
-2939
-4510
4545
-795
-1489
-95
3248
-1593
-1118
-3960
1716
-4514
-3040
-1125
-3070
4436
-2008
-3603
-1978
-4285
3239
4713
-1648
2240
3133
3245
-4284
-4994
4782
-2957
134
-1244
-3385
-1053
1666
-1650
-2849
-1853
2177
3550
763
4581
4010
-4207
3091
-1655
-3757
676
-3178
-1678
-4733
-2452
403
-16
-575
4475
-3895
809
-4417
2675
3754
3997
2996
2139
4057
-4167
-639
1794
4056
-3706
3108
-3329
-89
4956
-3985
-4040
1309
1894
3674
-183
-873
3749
3843
2831
1235
2726
-1443
2245
-601
631
-3552
3118
3417
-2162
3850
3316
-1016
-1322
-2768
-1543
-1116
-3713
729
-4248
-2173
2579
1169
-3850
-409
-2494
-4628
-310
336
395
-1511
-3442
-98
1987
4206
-424
-2965
1123
1760
-4616
-1949
-3036
-3676
-4179
-29
-2921
-1022
4205
-4048
4276
-1862
-2117
2329
-3243
2645
2373
3918
-1033
-1810
-3216
-4818
1798
-4816
2225
-2871
85
1202
3631
415
-2257
-3240
3578
471
-1082
1928
-1144
-3205
-3004
-3828
679
-4378
4048
4124
4716
2013
3994
1501
-2237
2324
-706
-1673
305
4852
-500
-4431
587
1091
3788
-2258
504
-3710
-1901
-3563
2365
-3693
3817
-1139
-813
-3158
4287
-3048
3359
-2537
-3600
2948
2823
-3304
-3781
2398
402
2562
-4370
-3315
1966
3995
1138
-2528
-3169
2052
1840
2086
4469
2112
-3823
-352
-782
1228
-228
-4294
721
3553
3971
-2521
3022
-4641
-2887
-530
4593
3103
-993
-3556
1546
-625
-794
2670
-1340
3206
-771
1775
663
-456
4715
-262
-547
4179
2345
3085
832
1164
-3998
4684
-110
-2911
3915
4388
-1069
4022
-750
-3211
1105
-3296
-861
-1137
-1045
-3903
333
2962
-1936
-4250
-1852
-4539
1459
-3847
-38
4781
3810
35
4100
2442
-1259
1957
2277
413
-4449
-2274
-3057
2628
-242
-650
-4647
4803
-585
1801
-3119
1035
-1540
-3526
-2498
3184
-4056
3571
-430
-3113
-1980
1563
-945
-445
2664
4617
-2905
-3565
652
1148
2915
-2707
-1385
-2333
-2899
-2664
-3330
3351
3325
2440
1151
4630
83
1141
-1684
-838
4446
3848
1774
-4381
1817
-796
-4752
-2232
-3055
-4088
4812
-4249
1051
-1169
-1596
-568
1445
-148
-3475
2715
4259
-3727
-245
3865
1956
332
3447
3836
67
2335
-2088
2673
4892
-2775
1603
-3899
-4071
-4572
2428
-2640
1437
-3520
2333
3129
-4019
359
32
4106
4376
-489
3748
-333
3862
-1691
-4999
2938
916
2366
830
-2584
1041
695
-2266
-67
-4941
-1630
-614
1992
2348
698
836
-2902
-3582
-3065
-2713
-3902
-3110
4882
700
-225
-4251
3854
-2845
-630
-1293
-1208
-2605
3403
203
2900
-3871
-4615
-3865
-2432
3853
223
-4003
-3189
-4299
4382
-3609
1498
3205
-2739
3576
-4487
-611
-1177
-1447
-1835
60
2504
-102
-1257
-4241
-357
994
-250
3637
1704
-4841
-3553
-152
2748
-4347
2904
3000
1467
-3636
1215
-2120
4953
827
1834
205
-1624
-3867
588
-3122
1111
-3037
4658
3567
-892
-1313
-1188
1851
3481
-680
671
-978
-1397
-3082
4899
4604
2297
-2885
4050
-1312
2301
-87
-301
-1480
61
1540
1022
1507
-2978
-2075
-3753
2088
-2461
4660
-2931
-1641
-4779
1239
2054
-1321
-2388
-1681
2196
-1258
2814
604
3408
-2519
4866
3507
-3260
-3777
-2861
386
844
-3408
-3770
1146
342
-2951
-574
951
-4083
3950
-2128
1179
355
-4240
-3044
534
662
2731
-4413
-2534
505
838
902
1735
-3687
-1079
-615
-3469
-515
-2244
2109
2876
-4689
-330
-412
-4583
47
-4677
795
1117
3828
3390
-3804
-2901
3003
88
-475
8
2986
-2505
4551
-1815
-3279
-3516
1578
3397
104
-819
1845
-1143
4760
1585
3324
3529
-860
-77
-4324
1776
806
-1836
1973
3086
-1309
2930
3663
677
-4430
-2540
4752
-4246
4778
-4195
688
-1342
3701
-1825
-3257
-555
3864
4632
-4939
867
-63
-2315
-922
-59
-853
-2139
187
1871
-600
1142
3676
-248
129
1746
3204
-2268
1423
-2633
-2042
2480
2513
739
4437
4861
1286
4011
3400
2247
3804
-1509
3219
-1200
2361
-3694
1815
-2396
582
-3689
4116
2163
4565
4216
-3793
-3050
1357
-883
4224
-4692
-3407
2677
-2195
3758
3211
3119
-4558
-2791
1665
859
-2445
-4673
-1485
1189
-3589
1944
-1147
-4302
4767
-633
-1150
-3063
-942
-4793
4605
-2044
3982
-4928
3522
-2737
2652
-3005
1293
1435
4489
-4127
-4136
-2161
-4915
-1577
1548
-3656
767
3939
-109
1204
-4601
-3585
3627
-2069
4974
4985
2387
3081
-2118
-882
1773
-4619
3249
3483
410
-2708
3682
289
-1643
-2143
-3971
-468
-2099
-4084
2484
2465
2256
-3502
3191
-637
-3432
3318
-4234
-3411
1143
4238
-2717
1960
3127
-3724
-787
-453
-2533
-3286
2524
3457
-4842
-3053
4281
-4366
-2472
-3131
-1110
1393
-664
-2243
-3482
2266
-3363
3505
326
-1520
-4660
-4395
-326
-2970
-3474
4734
4014
-93
3422
-3071
4851
-2400
4316
-4421
-3574
-3100
-3785
-950
-3521
1906
3775
4008
-4835
3162
-898
-4642
3513
1576
7
-221
-4766
-1871
-1697
426
-3663
-3723
4663
1519
1954
-4483
-2387
-3559
-718
-2286
-1127
-905
-159
-2780
-1460
-2077
1031
1042
2003
748
2178
-4681
-2736
-2233
3634
-4094
-2375
-3662
-4956
-4061
-3101
-4900
-3973
-4276
1276
-4509
1771
4690
4741
-1674
4745
665
3469
829
-2571
2065
3349
3470
2486
1734
-434
-965
782
4002
2142
233
1479
1442
-2895
1187
647
-582
2729
1062
2656
-1847
-1159
-1676
-4148
-890
-505
-3235
4407
-2613
-3091
-4633
4651
4883
-1830
-2137
2839
69
-3659
-3409
1853
3473
-1254
3954
4109
-4372
-3412
2987
3911
-901
4111
4887
-1130
-2209
966
4225
-3218
2128
-4408
1589
3782
2862
164
2406
-4009
99
-4560
-1278
-1765
964
3423
-643
-342
3688
1012
3373
3275
-4760
-3491
4849
-3856
2014
4118
-78
3592
1363
2032
1124
2921
-1566
142
3144
-2368
-4247
3668
-3221
3186
3587
3948
-4617
-2541
-4737
-2973
-4561
1895
-3580
-1877
565
-3234
-2076
-3285
-3227
2671
3361
-1500
-1657
-3782
3250
-4559
3638
-1328
-2489
44
2826
2184
-3086
-4898
-975
1974
-1913
883
4254
-2107
-1391
-3062
3153
-481
-4092
-1203
-383
4942
2259
2488
2565
4289
1821
-4914
2045
-2169
-546
-4375
4045
-3164
779
392
674
-569
-3356
-2803
1993
618
4704
183
4406
-3446
-353
2624
614
-2878
-3247
-4266
2886
2131
3028
-3295
120
222
4162
-4964
-1238
-3900
4398
-4073
4340
1785
-2178
-2106
3023
3399
1951
-3548
-1351
-1265
703
1199
404
-1702
-2583
-711
257
2445
-4697
3625
-4039
2700
4532
948
-3500
4103
-1866
1728
-1449
2547
3360
2716
2553
237
-2550
735
4871
1216
3001
1365
-3951
2856
4553
2782
-1671
-2172
1064
-2933
4503
-1102
298
2597
-4339
-1902
2070
600
4039
-4000
-593
-3435
2609
3235
-722
1069
4272
-2714
-1816
4356
1114
2095
-4260
-2795
-2920
-2384
3583
-1241
-859
4676
4623
-4736
-4458
-2778
1227
1934
4195
-3115
2515
-2626
-3305
-1576
4614
-1261
3254
-3253
-1843
-393
3302
1099
935
-118
-704
1090
727
-752
1839
-2524
3707
517
2954
143
-1300
4919
-46
-4712
1633
-573
-2242
-2589
-4159
-2822
-3664
2697
1379
-1983
4701
3199
3612
-4051
598
-1955
-2006
949
4592
-3106
3394
4764
4780
-2416
1693
-818
-1468
-1441
-11
-631
130
-75
-4186
-1863
-2551
-1083
3296
-3369
-2423
2636
-1783
-983
-243
4800
2619
-174
-3615
-4006
-1410
4016
4073
-3460
-1176
-3846
-4645
3039
-3118
4052
-4119
182
2529
4949
-405
-285
-1905
971
771
4531
2153
-2525
2804
2195
3784
4962
-2344
-495
3488
-2703
-1722
154
-1638
378
-913
-4036
-3349
606
-2761
858
4528
-35
-3572
-1178
2051
-1753
3062
-1164
-1233
-1050
-616
1460
-1327
4262
1865
-659
1807
2937
1985
1425
-3316
-163
-2763
1688
-960
59
-3268
-2100
-2661
2944
-381
3975
2583
2543
3255
39
638
-2503
4024
-4908
4506
4481
4017
4220
3434
525
-290
585
-3944
1812
-4852
-2366
-3718
645
4025
-2629
-3143
-3673
887
-608
-1618
4729
-4882
655
-1763
4177
-4425
299
1747
1968
1869
3366
-2560
-2794
-936
-4268
3792
610
-3881
-779
3048
-984
4034
-255
3884
2704
-2690
-849
2479
2081
-567
2451
-1721
3317
-2582
396
3114
-2517
3428
-2411
2267
-3149
365
4923
-670
2450
3883
3914
913
4568
-649
-4390
-1151
4492
-2184
-3453
96
-927
1273
-464
4482
-1564
2523
2134
3500
-1685
4533
-3567
1077
118
1805
-1372
-713
-2934
-929
3516
4248
1170
3823
-580
4004
-3765
-3173
1120
-4912
3814
-1168
3547
1422
76
3941
4518
-4405
-3912
3548
2779
3866
-100
-669
934
-876
3036
1525
924
-1148
-788
-4198
4858
3323
3837
-22
286
-224
-2427
-3308
-958
-4672
-2465
3535
-4374
-402
-4706
1972
-3275
3472
2170
-4432
-2500
-4336
-3024
3332
-4289
-3791
4694
-2228
-1898
-1232
-4126
-1405
4798
2087
-180
-4233
817
929
1626
489
1045
2481
3796
-921
-251
1932
4587
3531
-1884
-756
348
2288
-2937
-4497
-2976
1861
-3666
4079
-122
3845
3298
1750
4884
3424
-2694
-1170
3200
-3992
792
1580
4726
2727
-4707
2106
-971
-2136
-775
4484
38
-4043
-3949
-2559
-1809
1937
-1291
3021
-729
-83
950
535
1947
-2021
1167
-914
-4342
1990
3887
635
4714
-4996
-4563
4552
-2171
374
2642
-3591
-2512
1488
-4387
-3860
2372
4387
4799
-1680
1184
-4461
3605
-3555
4989
-804
-1976
-4718
-320
2459
4077
2336
2980
4838
-3463
-2086
-4158
3007
4438
2425
2625
3319
-3353
-4540
-3161
4573
-3953
3563
3566
2867
-2179
-4297
2885
-1282
-932
1876
-1984
932
-4326
-902
-1724
4878
-3306
235
1283
888
-4543
-485
1943
14
3231
-2616
-3789
-727
4207
1173
-322
-1730
881
2318
-425
373
2096
-269
-3422
998
-351
-2135
3228
-2607
-3262
3382
192
-4896
-2839
-472
1048
4541
4371
2892
418
4902
2273
1710
231
-871
-1732
-988
-826
280
-3130
4523
1361
1421
-4157
4130
-3322
-1708
-2038
-4948
4298
3161
-4989
1358
226
-4735
-4623
1868
1233
845
-1931
-4526
-3637
-3185
2935
-4164
-372
3088
-2146
1983
-557
3138
561
-1242
4051
408
344
-4091
-3274
1489
819
1121
-4351
-208
227
1965
4591
2154
-389
-1288
-4367
-1874
2234
-2777
-471
-4671
3221
-3281
-3441
1790
-2657
-3970
1484
-2549
3698
4620
-4279
-1038
3170
49
-2292
-3996
-2379
3581
2149
-4621
-1191
-686
1198
-938
-1087
871
16
2
-4980
2679
-1716
-2442
4762
-3200
-4393
-1366
-4305
1256
2152
2997
2156
3033
4485
239
2158
-1587
2293
-4350
-753
-511
-3696
-4479
2899
-2453
931
4201
2455
-3252
-2152
2851
-820
-2723
-2363
-2824
975
284
-1759
3657
-1743
-810
1699
-602
-1103
-4520
-4189
920
1322
-4815
-2862
506
1007
-1323
-1487
-2553
2750
-2779
2390
79
-1484
1301
-3093
3187
1962
2201
4208
2478
-4610
-671
3757
-2241
653
1082
-482
3839
2463
358
4175
4706
-115
258
1958
-3790
2836
1594
4306
-1493
467
1362
4494
-1796
4230
-1499
260
-1393
2211
3514
857
-2648
2882
434
-3869
3797
4818
2947
939
1471
-4255
783
2843
1039
-2835
-4193
2296
3430
2090
3712
429
-4556
-1360
-4626
144
-1207
444
-2446
480
-3072
3415
4619
-82
2008
4065
-4156
-4522
-4728
4670
4019
-3642
380
3471
-1854
1920
-1471
2222
3956
1967
-4564
684
-863
-4687
2492
556
3295
2022
1350
-2929
3888
2328
4136
-969
3025
-350
-2975
-856
3157
-3701
-3436
-1574
4031
-2662
3055
181
-1105
4064
-4592
-1179
4662
-85
2080
-4597
-1077
-3292
-3498
1863
2634
-1642
-1269
-4911
4652
3697
-1492
1272
4947
-4893
789
2503
-2597
714
1606
1608
4450
-2240
2984
-4063
2510
3294
2354
-2256
70
-4210
-3375
-4202
-2727
1373
2546
2404
-3938
2167
335
-3219
-4745
-3626
-2502
-305
-36
-4491
-3290
3496
1112
4601
2887
2554
-1070
2175
3334
4145
-4301
3411
-1864
1736
4977
1480
-2224
-2486
1741
3806
-2300
1553
-1140
-401
339
-1075
4723
-1784
2102
-4228
2541
673
2537
3849
-4334
-295
4232
-941
2306
-2058
-1123
3229
-340
310
-4371
3602
-1074
-2101
4007
860
3179
4046
-2284
3753
3463
-3915
-2023
-3691
2199
4250
201
-2719
-572
-2353
-2767
2319
-618
-2516
2721
3143
-1770
4811
4168
659
412
2723
3122
-1243
1638
-3590
1833
624
-3533
2384
1505
1500
-4542
2849
650
-2644
-4317
715
1783
-4774
469
4815
2025
-4951
-4309
-3038
1782
3142
4901
507
-1422
-3878
4596
-4225
-4173
2237
-1818
1392
-94
-1187
1300
3801
1764
-4636
1684
-840
-4181
121
768
385
-1306
4332
-1367
4502
4274
-4313
2909
-3452
2581
-3000
-1823
-319
-2843
4631
-1839
4464
-4701
3518
1436
744
985
-815
-4699
1052
678
1383
3639
4015
1858
-4795
-3984
2283
-2433
-2435
-4216
-1923
2461
3709
2545
646
-4965
1136
2848
799
174
-4097
-3447
3035
1766
4252
2034
1866
-327
991
-416
-4194
-2020
-2639
2783
1266
-1934
3384
-64
2741
-41
3881
-1799
982
-1488
1601
92
-2338
4470
4755
-816
2159
-2108
3949
1862
-4
3970
2188
-2751
-1695
-4990
-4310
-2816
2101
-684
3257
4843
1825
3130
-3939
-2935
-4971
-4476
2015
-1089
1830
2268
4087
1294
103
1004
-1434
-4907
872
-1348
-4580
595
-2892
-3300
-3372
1675
-1751
-2716
615
-3085
-951
4514
-1510
-1629
-1880
3926
3931
-3645
-4180
1036
-4057
-272
-2155
-1667
904
-1879
-1819
2951
3868
905
2589
-2262
-1409
2617
-1175
-3595
4853
-987
2765
3169
1095
-1607
-2112
-2376
367
4369
709
2850
315
1628
-131
-21
874
-4995
1485
2383
-2216
3609
-3952
2880
4806
4472
3651
922
3019
-1228
-4932
-3623
-4755
3347
2725
2906
3372
-23
4558
244
-4474
1375
3687
-4386
-3073
2236
1351
2011
4844
-2660
-1325
-4872
-3201
-543
-2709
-4017
4689
-2699
4154
-4924
-2773
4505
-2196
2633
-1803
-4187
3439
1399
-1031
1820
4455
-2364
2911
4251
-4236
-19
1722
697
-3439
-2724
3135
2147
1569
2508
648
-1283
3115
4074
-455
894
-1573
-3182
-1505
-4864
4898
-4904
1659
2516
-4544
-4116
-1229
4499
1182
209
-2019
-2193
-2692
3525
4969
4329
-998
1719
-4080
-3773
4146
4648
-2039
4150
-3297
1140
3346
2585
1328
3599
-3650
3147
-2993
-1266
4500
2786
1743
-2881
4090
4364
-1904
-2412
-606
379
-2278
-2407
-3897
478
-4263
-4764
-1142
-157
-3096
1240
3556
2239
-2304
-1631
-1165
-1019
-1975
4992
1558
-4605
-3497
2076
-3761
2385
3916
3992
3617
3306
-4966
1008
775
-893
347
3940
-2983
-3213
297
2689
-2924
-4495
4264
1885
-590
925
3728
-3280
-3536
-1532
-1899
2846
4140
2496
-2180
4588
2145
581
-3015
-1174
-4488
242
-3798
-4163
177
-4824
1856
-4784
2262
4822
-3217
-2712
-4613
4070
-1875
3820
2781
4522
-3328
3764
4671
3276
-2207
-3655
2556
-3857
1385
-3064
-2055
4462
4507
175
4449
-4137
-2784
4341
2435
4702
2500
-4851
-1531
-2866
3148
-1640
150
-899
1767
-4454
4377
1335
2657
2873
-451
4159
4097
-3838
-1773
4699
3391
-3471
-302
156
1975
3766
-194
-422
3288
-2413
3844
1744
-2810
2759
-3861
-1346
3475
2827
2407
-919
-4142
1043
4498
-2372
-3355
4172
401
2787
1030
-2482
4247
-3759
-25
1330
3760
810
-1981
-1774
-1368
-4858
-2007
4166
1720
1002
3802
1106
1298
-3012
2377
-1284
-1319
-439
-3816
-4747
3974
-2595
-1398
3769
-395
584
4440
-385
4835
3686
-621
1935
-3612
1456
2021
1886
1433
-4300
2788
-1193
2620
-4946
-2864
-2689
-870
2963
-2992
4473
3543
2706
3953
873
3880
-1454
-2157
-1196
-1390
4765
-888
-4608
-726
-4977
-2277
-1134
-759
-738
-1526
-2680
-6
-4493
-3207
3107
4098
-394
3234
-2148
-4604
-2176
-3747
4512
1641
-4624
1395
3588
-3165
2229
-2145
1196
3572
3059
2789
1749
2658
1682
3791
-2447
-4029
-2872
4639
87
-2982
-917
3060
-997
-1162
-3669
-4069
1250
620
2865
1448
1398
-234
4879
1232
3947
-1107
-2721
3482
3552
882
2732
-1522
-3931
-4065
4353
1669
4757
-3649
-2226
-4478
769
4697
346
-1728
179
-1735
-3454
-167
1964
-2183
3104
2772
4346
-2547
-1236
4120
-1687
3523
-4591
-3660
1872
2082
-1609
-2070
198
-2401
937
2509
2521
-3180
-99
-3027
-3417
2739
-4337
-1064
-3299
-3293
-2997
717
1648
3155
-413
-4992
-4694
-4075
2386
3014
1157
-4742
1410
3043
-3810
-2425
-270
1823
1305
2918
541
3549
2127
-3576
2454
-1132
-1921
1921
-2757
-2272
3233
811
1287
-1909
-2247
-1826
3967
609
4138
927
20
2403
2289
445
2858
4709
-4782
3111
4181
2812
4864
-693
-2781
4707
-2014
-1428
-1267
-2004
-3378
-2546
-3732
3116
-4838
-1608
-4004
-154
3261
-4666
-2205
-836
-3022
2819
848
-4634
-1894
-2886
-2536
628
492
-325
68
-3959
-2926
-3398
218
-4804
-265
-3390
1429
4445
-4120
4642
-12
1824
3094
1642
4640
-2858
637
-1085
-3678
-4100
-2608
-3261
-2409
2047
2470
-4508
2792
2674
2992
4576
-878
393
3290
-3873
-1927
4747
4870
-4550
1230
-832
1513
-4676
3818
2295
-3796
-4833
3979
3892
-2154
4480
-1375
4793
886
-4582
960
-3835
-236
2323
701
-2651
4096
-3744
4535
1163
-1503
955
-4788
1307
-2938
1127
-1620
-2026
-974
-2658
1279
-3032
3856
4320
-3829
554
2453
4370
-3291
1847
-772
-1268
3258
-1958
-1906
3270
2191
1970
1110
-1376
-3132
4383
1646
3946
-111
3006
-1473
1754
-992
1210
1382
2121
-1363
4824
-1758
3824
2355
4347
3983
-2586
1065
-1658
3495
1742
-2302
-176
-4307
-2048
-414
-454
-528
516
1857
1941
-3583
1950
-4993
-1066
-2163
-4500
2844
-4957
1850
-599
-4418
3377
-4744
627
-3799
-2884
1476
-3708
-3092
-4076
-4034
4483
135
-361
1084
-2420
-900
-4106
1674
-3194
-1498
-1012
-1832
1685
-675
-4869
-4832
3305
4213
-4438
4589
2089
-1098
-3979
-2980
-690
-1029
4813
3042
-2454
-502
-4726
-146
1088
-1433
-1717
2374
-4462
-1131
-437
-523
3192
-4895
-1882
4354
-2036
3414
3541
-1403
-2570
2898
-126
-4185
-3511
669
-2408
-3695
612
1521
-2811
4918
-2192
-3167
3061
-477
-2030
-3961
-3026
-2444
-4903
-33
3619
1724
-2825
-3246
528
2004
371
-202
-2448
-2431
-1605
621
573
959
-3624
-4823
-480
-3981
1145
-3425
4840
273
-2203
4889
-1030
4753
-2151
-467
2775
-2754
4242
125
-4265
-1062
-178
-3311
3044
-4256
4771
-4457
-4761
4954
-2738
499
-2615
4084
4
-1993
-4661
3370
4357
2448
4530
-1350
3163
4288
4379
2264
351
-426
-952
-2443
802
-153
1687
4299
3894
-4792
-4630
-2669
4400
-1524
-3739
-2683
-1548
4816
3369
-3907